88
55
86
79
16
31
14
49
87
68
71
33
73
39
42
58
62
35
65
45
46
87
52
96
34
12
94
11
57
81
87
97
39
79
21
78
17
97
42
19
18
85
85
37
99
66
98
95
15
14
81
35
94
51
81
84
55
72
44
94
44
44
41
74
69
11
79
48
39
67
12
34
67
84
41
81
89
74
16
95
51
57
48
35
59
74
91
32
41
98
59
36
65
41
89
31
34
44
65
41
24
22
17
66
55
23
64
31
98
27
85
36
82
67
23
64
81
68
61
69
16
57
81
11
54
33
44
81
69
83
99
42
33
26
24
81
37
55
13
61
19
34
52
11
89
26
78
47
44
92
55
57
77
79
36
83
35
67
89
95
64
48
15
84
95
77
99
81
41
81
65
13
43
47
74
94
41
88
32
69
83
33
62
11
22
75
42
38
61
88
94
78
57
82
64
35
55
44
14
14
44
58
91
67
51
38
87
26
27
17
39
81
44
32
93
16
31
44
47
71
62
48
49
71
78
31
55
72
17
23
85
15
22
18
14
16
57
41
95
99
15
78
28
54
99
79
88
31
38
97
51
68
19
54
98
74
79
17
24
11
52
47
11
65
98
17
41
61
28
53
64
31
48
85
47
56
38
17
37
93
41
87
92
48
65
67
88
67
36
41
36
33
98
46
35
36
49
71
76
66
55
55
89
72
97
54
83
64
11
76
11
52
21
65
14
76
87
57
54
22
51
33
38
78
92
37
38
89
44
84
78
13
99
88
41
88
71
47
43
14
48
63
67
65
78
59
16
13
14
86
44
65
45
86
96
18
84
11
96
41
11
11
53
19
26
46
85
64
17
88
87
37
57
45
82
71
77
82
16
11
99
57
93
24
66
99
88
56
84
33
76
22
97
74
68
11
14
11
18
99
95
59
77
85
73
72
52
17
11
13
73
82
46
16
73
79
44
49
35
86
37
43
33
62
11
34
49
33
16
96
96
63
13
76
75
58
43
96
65
76
14
45
16
93
93
38
18
81
61
14
67
48
18
61
33
57
39
89
89
77
65
42
77
28
33
48
48
54
44
47
45
18
23
63
16
42
62
68
41
84
75
65
48
54
98
59
22
44
33
58
12
17
21
54
16
56
63
44
72
39
39
78
84
14
54
83
27
31
81
16
41
31
33
35
19
36
53
98
33
62
86
14
44
23
13
11
74
76
35
41
96
38
46
44
18
22
61
78
59
41
91
81
61
75
68
31
17
58
44
61
94
16
97
41
15
38
96
37
93
14
73
91
71
96
41
66
81
98
73
45
92
74
17
44
44
43
12
18
43
41
76
91
97
55
45
14
17
44
91
38
53
13
88
73
41
14
55
89
34
68
83
67
43
88
46
18
14
87
58
45
11
75
75
33
76
13
38
54
69
93
47
99
74
48
88
88
16
75
72
61
77
53
68
93
65
79
79
33
36
52
77
41
66
13
61
76
78
47
37
15
59
74
12
57
95
22
55
68
99
95
76
76
99
55
34
11
32
41
41
91
17
77
13
12
57
17
31
35
19
52
13
15
93
16
81
47
91
62
95
87
93
78
82
19
61
58
98
21
12
66
16
48
78
18
99
65
77
33
93
39
65
46
69
79
88
49
41
54
89
64
68
14
33
35
98
61
51
16
98
74
13
81
23
74
69
99
46
13
29
64
66
13
88
47
23
78
36
74
13
25
94
17
88
21
77
37
42
19
76
65
51
36
48
11
69
79
63
75
15
78
14
22
87
33
53
81
95
84
72
65
31
25
99
97
22
33
95
33
99
73
84
49
63
31
99
34
12
84
51
71
63
11
64
41
77
32
73
62
11
17
39
64
39
14
87
71
14
11
79
74
87
31
25
99
36
63
51
19
41
61
75
31
41
41
15
19
11
57
71
14
38
44
28
79
85
95
51
81
16
88
59
83
61
93
43
44
38
44
75
98
68
81
41
73
98
53
33
39
27
83
94
13
78
12
47
23
77
59
24
41
55
78
33
17
99
81
12
39
43
76
19
11
64
47
47
59
11
99
21
49
54
49
32
15
99
61
17
47
88
34
31
14
51
77
67
27
55
85
55
84
25
74
85
89
91
35
97
86
58
58
96
73
13
93
91
83
15
42
89
73
23
89
55
61
13
67
43
96
47
61
39
49
38
33
26
13
12
37
71
18
71
89
31
95
39
99
52
56
44
68
33
43
14
96
68
94
11
91
88
54
51
26
33
13
93
98
56
83
93
81
13
11
68
63
83
47
77
49
93
17
